488 412
487 411
486 410
485 409
484 408
483 407
482 406
481 405
480 404
479 403
478 402
477 401
476 400
475 399
474 398
473 397
472 396
471 395
470 394
469 393
468 392
467 391
466 390
466 389
466 388
466 387
466 386
466 385
466 384
466 383
466 382
466 381
466 380
466 379
466 378
466 377
466 376
466 375
466 374
466 373
466 372
466 371
466 370
466 369
466 368
466 367
466 366
466 365
466 364
466 363
466 362
466 361
466 360
466 359
466 358
466 357
466 356
466 355
466 354
466 353
466 352
466 351
466 350
466 349
466 348
466 347
466 346
466 345
466 344
466 343
466 342
466 341
466 340
466 339
466 338
466 337
466 336
466 335
466 334
466 333
466 332
466 331
466 330
466 329
466 328
466 327
466 326
466 325
466 324
466 323
466 322
466 321
466 320
466 319
466 318
466 317
466 316
466 315
466 314
466 313
466 312
466 311
466 310
466 309
466 308
466 307
466 306
466 305
466 304
466 303
466 302
466 301
466 300
466 299
466 298
466 297
466 296
466 295
466 294
466 293
466 292
466 291
466 290
466 289
466 288
466 287
466 286
466 285
466 284
466 283
466 282
466 281
466 280
466 279
466 278
466 277
466 276
466 275
466 274
466 273
466 272
466 271
466 270
466 269
466 268
466 267
466 266
466 265
466 264
466 263
466 262
466 261
466 260
466 259
466 258
466 257
466 256
466 255
466 254
466 253
466 252
466 251
466 250
466 249
466 248
466 247
466 246
466 245
466 244
466 243
466 242
466 241
466 240
466 239
466 238
466 237
466 236
466 235
466 234
466 233
466 232
466 231
466 230
466 229
466 228
466 227
466 226
466 225
466 224
466 223
466 222
466 221
466 220
466 219
466 218
466 217
466 216
466 215
466 214
466 213
466 212
466 211
466 210
466 209
466 208
466 207
466 206
466 205
466 204
466 203
466 202
466 201
466 200
466 199
466 198
466 197
466 196
466 195
466 194
466 193
466 192
466 191
466 190
466 189
466 188
466 187
466 186
466 185
466 184
466 183
466 182
466 181
466 180
466 179
466 178
466 177
466 176
466 175
466 174
466 173
466 172
466 171
466 170
466 169
466 168
466 167
466 166
466 165
466 164
466 163
466 162
466 161
466 160
466 159
466 158
466 157
466 156
466 155
466 154
466 153
466 152
466 151
466 150
466 149
466 148
466 147
466 146
466 145
466 144
466 143
466 142
466 141
466 140
466 139
466 138
466 137
466 136
466 135
466 134
466 133
466 132
466 131
466 130
466 129
466 128
466 127
466 126
466 125
466 124
466 123
466 122
466 121
466 120
466 119
466 118
466 117
466 116
466 115
